n=0:20;
a=[0 1 2 3 4 5 0 0 0 0 0 0 0 0 0 5 4 3 2 1 0];
b=[0 0 0 0 0 5 0 0 0 0 0 0 0 0 0 5 0 0 0 0 0];
convdisc([n;a],[n;b])
